	Estimate	Std. Error	z value	Pr(>|z|)
SNP.1	0.0736450219296392	0.115167969129097	0.639457502694065	0.522525351407379
SNP.2	0.035749678816371	0.135455539481948	0.263921866562979	0.791840125777151
SNP.3	0.0360272077622825	0.104438705081257	0.344960306949921	0.73012421160683
SNP.4	0.0816841282118059	0.0967233160686042	0.844513314182371	0.398382626544717
SNP.5	0.0695826540281463	0.107450957546589	0.647575932471113	0.51725926792652
SNP.6	-0.0578971029973012	0.176014160804158	-0.328934346718389	0.742205312626486
SNP.7	-0.0011543234872361	0.115548703172798	-0.00998993026784439	0.992029321453245
SNP.8	0.108569958346432	0.0995266492716312	1.09086319233072	0.275333085388779
SNP.9	0.329094077327752	0.136542650710832	2.4101925340874	0.0159441039726754
SNP.10	0.321035697873742	0.112083310386296	2.86425960089232	0.00417985294758589
SNP.11	0.216709662211752	0.125040451675359	1.73311643798595	0.0830749752425639
SNP.12	0.0449207098268062	0.0977766340935407	0.459421724251947	0.645931350791894
SNP.13	0.101922799537942	0.100496742488709	1.01419008232425	0.310492060077229
SNP.14	0.229502694838621	0.113105044938329	2.02911103535441	0.0424469821585749
SNP.15	0.341051154167542	0.151704694973031	2.24812524245326	0.0245682048977514
SNP.16	0.277979648824063	0.0983919788785923	2.82522673079955	0.00472471702948603
SNP.17	0.237560332234346	0.0976327548390983	2.43320320752859	0.014965899102314
SNP.18	0.207863407603061	0.106888068622691	1.9446829780114	0.0518131454744773
SNP.19	0.180942677022743	0.104375492877316	1.7335743481032	0.0829936351975909
SNP.20	0.219330505283376	0.0962646841245915	2.27841089676776	0.0227021077752707
SNP.21	0.193135149984578	0.0969639943982787	1.99182336890204	0.0463904412631913
SNP.22	0.164848654312411	0.124520739254454	1.3238650468943	0.185547868427854
SNP.23	0.169862193115638	0.097156655888325	1.74833305616121	0.080406372435619
SNP.24	0.14752858603428	0.119431630538811	1.23525556310929	0.216735406161117
SNP.25	0.0560996486534726	0.127082545943864	0.441442593369616	0.658892612449943
SNP.26	0.119210128560888	0.110082352053806	1.08291770966721	0.278844950428948
SNP.27	0.198396122203855	0.130008687239186	1.5260220406568	0.127004375513959
SNP.28	-0.0305850211137046	0.0962225404974738	-0.317857135714553	0.750593308338558
SNP.29	0.07401069279529	0.148899747188259	0.497050493320957	0.619153444667906
SNP.30	-0.153384920030217	0.122850570761771	-1.2485486968364	0.211830186717026
SNP.31	0.0124094789253478	0.0990212373827537	0.125321388152126	0.900269120369364
SNP.32	0.0856957289477076	0.111581768123631	0.768008343914732	0.442482227769373
SNP.33	-0.137038704438499	0.104469840373446	-1.31175374585268	0.189603236015445
SNP.34	-0.0284418092611309	0.143473019764091	-0.198238033240654	0.842858831694167
SNP.35	0.110479330608602	0.0996684215510109	1.10846874957338	0.267659428111147
SNP.36	-0.0554517599853306	0.101048497853215	-0.548763822950447	0.583167540306926
SNP.37	0.0684499669862453	0.18453160070159	0.370938997580892	0.710682968084688
SNP.38	0.0826447002441405	0.0994012892199074	0.831424832542203	0.40573367549229
SNP.39	0.136214481959006	0.141980545521065	0.959388354644664	0.337363139493991
SNP.40	0.0150964222710161	0.0988310941654816	0.152749723136109	0.878595647442544
SNP.41	-0.0350204347743768	0.151172760069373	-0.231658367276657	0.816803369851973
SNP.42	-0.0656129463660094	0.104045709202559	-0.630616551791407	0.528291273744433
SNP.43	0.198773093519112	0.13373832132179	1.48628374840178	0.137204083516201
SNP.44	0.308222714851118	0.12513816574443	2.46305923550615	0.0137757154655829
SNP.45	0.0898494957783886	0.100092661576462	0.897663168940228	0.369365150759755
SNP.46	0.225989036159859	0.110754403567749	2.0404519267861	0.0413053344890664
SNP.47	-0.0979759432634607	0.133239869491216	-0.735335028753685	0.462135479968481
SNP.48	-0.0949968340423543	0.103642552052151	-0.916581386326281	0.359362041874176
SNP.49	-0.052657732015311	0.10788804795488	-0.488077530490989	0.62549492593496
SNP.50	0.0490261059726189	0.122515337520479	0.400163007871761	0.689036458830396
SNP.51	0.181514422641788	0.115563595056505	1.5706886113489	0.116254995831671
SNP.52	0.449485229419566	0.165234024092805	2.72029463597104	0.00652237716809493
SNP.53	0.010596051674524	0.112809812222987	0.0939284576910666	0.925165987797947
SNP.54	0.00022874846804159	0.17252181994103	0.00132591035800445	0.998942076906318
SNP.55	0.0566613189383677	0.0986655681684779	0.574276518041378	0.565780696762858
SNP.56	0.0556958619231372	0.0995019663526096	0.559746344366354	0.575652466356257
SNP.57	0.0594686975081623	0.113147687994639	0.525584734095319	0.599176765775853
SNP.58	0.150120192148379	0.0987849526094781	1.5196665907392	0.128594792380258
SNP.59	0.0461848535782411	0.097307003942746	0.474630311353698	0.635050497450221
SNP.60	0.189354704649924	0.0998665214645426	1.89607790351598	0.0579497439700052
SNP.61	0.0983210568843173	0.158746437830019	0.619359137932887	0.535679793769583
SNP.62	0.211082239539931	0.103567061536012	2.03812135257439	0.0415377982443953
SNP.63	0.150675880618046	0.0982467774018465	1.5336470528876	0.125116506002254
SNP.64	0.0665171627034832	0.146906517096517	0.452785649119853	0.65070309834829
SNP.65	0.129564978224246	0.105431700386499	1.228899635966	0.219109437981026
SNP.66	0.161014579220928	0.100813702766153	1.59714974059049	0.110232332829373
SNP.67	0.140848377161439	0.0988403517922744	1.42500886133479	0.154154639618959
SNP.68	0.169962359131029	0.11998733246087	1.41650252276803	0.156628426060793
SNP.69	0.0586754961106834	0.0977857665645332	0.600041275659078	0.548478727710566
SNP.70	-0.00830374508363988	0.0996195244397196	-0.083354594697594	0.933569590996478
SNP.71	0.0696623230589865	0.0992942500916722	0.701574592634233	0.482944501095116
SNP.72	0.107173625627884	0.113529700557197	0.944013990188314	0.345162499148805
SNP.73	-0.100384235610395	0.128833957937175	-0.779175282803516	0.435876468123814
SNP.74	0.0621448837157321	0.119523742787733	0.51993756442264	0.603107092462808
SNP.75	0.0437819442931676	0.0989388392471271	0.442515240994591	0.658116403915405
SNP.76	0.0283755624703975	0.101626792484962	0.279213402062221	0.780081059126015
SNP.77	-0.188855452776093	0.130730682589195	-1.44461460030426	0.148566169436843
SNP.78	-0.24898231345069	0.203335188585733	-1.22449200840469	0.220766679214997
SNP.79	0.101241955323156	0.105486630113506	0.959761016293894	0.337175506525426
SNP.80	0.0418524643533043	0.101870432110604	0.410840157307508	0.681189745165245
SNP.81	-0.0648093416712458	0.172133516222128	-0.376506232450474	0.706540582965285
SNP.82	0.0926091696456972	0.13700095520033	0.675974627405183	0.499056754391313
SNP.83	-0.051030797461626	0.115416654923171	-0.442144138517922	0.658384906115361
SNP.84	0.12221369344145	0.124818996594615	0.979127350609728	0.32751705914673
SNP.85	0.181850917700425	0.185990960274397	0.977740624770878	0.328202623824461
SNP.86	0.0896006372150809	0.107004532282419	0.837353664409242	0.402393802767141
SNP.87	-0.0388890374708981	0.125626223867796	-0.309561461560951	0.756894466758809
SNP.88	-0.000229467537021628	0.0985935143891135	-0.00232741005778536	0.99814299712475
SNP.89	0.0653199706524907	0.0987827164125714	0.661248981853044	0.508452653675742
SNP.90	-0.00840796149530689	0.113188475352289	-0.07428284080281	0.940785330361832
SNP.91	0.00392140513420335	0.119036968472295	0.0329427503449571	0.97372024143628
SNP.92	-0.250873526813837	0.238149112250719	-1.05343045137923	0.292143753931175
SNP.93	-0.0879095651938006	0.0992518821792537	-0.885721895278839	0.375767406695477
SNP.94	-0.0991811245734748	0.187839376748565	-0.528010294168698	0.597492191097363
SNP.95	0.0208745045184167	0.109863624620128	0.190003785061651	0.849306164511964
SNP.96	-0.0761961356870808	0.09835653899873	-0.774693136447844	0.438521007659229
SNP.97	-0.246278925591864	0.171264647218785	-1.43800211889177	0.150433452940116
SNP.98	-0.19557203078901	0.117378437961623	-1.66616658208515	0.0956802399824822
SNP.99	-0.242523458978541	0.220044747183848	-1.10215518471755	0.270394211446929
SNP.100	0.278454880993337	0.0753208477665141	3.6969164481063	0.000218234127837821
SNP.101	-0.00888939052778978	0.0978004337916681	-0.0908931605224342	0.927577484810127
SNP.102	-0.0477414541380948	0.11353465417213	-0.420501163157763	0.674119379851499
SNP.103	0.117362226009645	0.0989823610748517	1.18568828562186	0.235745422393661
SNP.104	0.0337701917175809	0.118096904709831	0.285953233072075	0.77491394109657
SNP.105	0.11698000890335	0.0968325718395343	1.20806466957423	0.227022388214178
SNP.106	0.0385710143719357	0.108493227080188	0.355515412436092	0.722203500636966
SNP.107	0.0922523636986486	0.0966537845801814	0.954461991316217	0.339849839973342
SNP.108	-0.0167704261077281	0.104954578911411	-0.15978746503174	0.873048498661991
SNP.109	0.300264412867308	0.185011134622532	1.62295319943808	0.104599409791363
SNP.110	0.0181630159221283	0.104377786175631	0.174012273948465	0.861855816179815
SNP.111	0.0923594500094524	0.106523202617003	0.867035985967533	0.385922292765848
SNP.112	0.106382110232766	0.102234958559438	1.04056490785309	0.298077524952422
SNP.113	0.0900737057650463	0.118196823293283	0.762065369062798	0.446020990539116
SNP.114	0.0260186088998224	0.142042549556932	0.183174752783453	0.854660903552684
SNP.115	0.105004915155931	0.111527362254417	0.941517068397919	0.346439946572
SNP.116	0.0913227959827439	0.216951817769433	0.420935841523105	0.67380193218356
SNP.117	-0.078702994567254	0.107739608972326	-0.730492669483044	0.46508909216477
SNP.118	0.0441995265093287	0.146352649714058	0.302007012484469	0.762646717223183
SNP.119	-0.191067302217503	0.161795263645708	-1.18092024396891	0.237634408437891
SNP.120	-0.0409726885455152	0.101403257264014	-0.404056927272448	0.686170857796486
SNP.121	-0.221233349808648	0.159060907620939	-1.39087191892475	0.164264269472803
SNP.122	-0.262631028372604	0.134204417632213	-1.95694771458525	0.0503536159006273
SNP.123	-0.166547407328308	0.117587642116152	-1.41636828778141	0.156667703721015
SNP.124	-0.14501574605717	0.103871408454104	-1.39610840187313	0.162681854110979
SNP.125	-0.255712138116546	0.123446230162031	-2.0714455012592	0.038317182461499
SNP.126	-0.164333117926849	0.108635158885759	-1.51270656399244	0.130354211514968
SNP.127	-0.0541325700046893	0.0983332406721101	-0.550501230659052	0.581975633024984
SNP.128	-0.168155309224554	0.0986156969938548	-1.70515764072562	0.0881650277838902
SNP.129	-0.142580677111683	0.144101227070487	-0.989448042950673	0.322443978685905
SNP.130	-0.156123125445722	0.10007858297566	-1.56000535582815	0.118758615534539
SNP.131	-0.198355682843039	0.166236090846394	-1.19321671866264	0.232784508631492
SNP.132	-0.206646702355194	0.103224302459765	-2.00191909686909	0.0452934334154901
SNP.133	-0.185014063047116	0.11398194914522	-1.62318739444784	0.104549351697912
SNP.134	-0.0507351021948451	0.110253750676405	-0.460166678082026	0.645396586796846
SNP.135	-0.0926144256454735	0.116395610385035	-0.795686584220023	0.426214226489031
SNP.136	-0.13644433802204	0.187262346680377	-0.728626659020386	0.466230066568056
SNP.137	-0.157944527085554	0.163142888345772	-0.968136145480024	0.332976380099094
SNP.138	-0.0531707612058422	0.106276556385201	-0.500305646083638	0.616859879122754
SNP.139	-0.0520748827989078	0.0992520648361438	-0.524673042166717	0.599810500583916
SNP.140	-0.196411075401274	0.130521396908837	-1.50481898028152	0.132370622610035
SNP.141	-0.0660294943421507	0.0968645053146525	-0.681668626992539	0.495448509643869
SNP.142	-0.12855332165962	0.0991633289945599	-1.29637964924183	0.194844719814751
SNP.143	-0.228303273800473	0.155690548941715	-1.46639134714556	0.14254170228575
SNP.144	-0.151783185743315	0.0970372986490706	-1.56417365133205	0.117776793209261
SNP.145	0.0445718907166603	0.17671444173992	0.252225512967747	0.800866758932075
SNP.146	-0.210370964104889	0.166194294612205	-1.2658133938699	0.20557989867736
SNP.147	-0.100987016575731	0.140034372193093	-0.72115877690714	0.47081183139991
SNP.148	-0.0982920977149501	0.100813591417144	-0.974988553956379	0.329565937658583
SNP.149	-0.0932651613212269	0.101592833528552	-0.918028940447014	0.358603714753642
SNP.150	-0.0561494218043943	0.0991471596417421	-0.566324058170545	0.571173508777931
SNP.151	0.156026033808837	0.101919722869884	1.5308718412434	0.125801069814348
SNP.152	0.0215689095357426	0.101756193945536	0.211966551611463	0.83213312932447
SNP.153	0.0383667091330397	0.100761028909719	0.380769326675058	0.703374421515506
SNP.154	-0.0447960428140071	0.163368720798515	-0.274202078556118	0.783929330860559
SNP.155	0.0417075776418429	0.0990847741314121	0.42092822037953	0.673807497440721
SNP.156	0.0475168780374186	0.111561462999251	0.425925554935917	0.670162093024222
SNP.157	-0.0560654006569723	0.108556922523975	-0.516460851629154	0.605532574583176
SNP.158	0.00750142217199025	0.113891622405378	0.0658645650449177	0.947485652295653
SNP.159	0.110649367941521	0.126243539561159	0.876475487982629	0.380771596257829
SNP.160	0.0782909180791157	0.113406318352183	0.690357638063722	0.489969309643135
SNP.161	0.00685163843849033	0.0986017121535646	0.0694880270214723	0.944601162669721
SNP.162	0.0409133363131039	0.0995050637248486	0.411168384618469	0.680949068889143
SNP.163	0.0669236058799505	0.114779140450953	0.583064184110597	0.559850093284269
SNP.164	0.0910887859740816	0.0975653928124031	0.933617785450066	0.350501087626723
SNP.165	0.151049428824702	0.150321958969402	1.0048394117552	0.314974182835169
SNP.166	0.00854919308938646	0.0998947995719842	0.085581963485756	0.931798736900627
SNP.167	-0.0456177098202037	0.0977227673401248	-0.466807388511941	0.640637689220438
SNP.168	0.00739228783853093	0.10247345398534	0.0721385641942785	0.942491636367729
SNP.169	0.0970690263158377	0.109818628241113	0.88390310342174	0.376748521796317
SNP.170	0.0406313720707692	0.0984679423137552	0.412635535139981	0.679873662034419
SNP.171	0.095496873065128	0.108589384571877	0.879431018433639	0.379167619930324
SNP.172	0.227848701401949	0.116469113839537	1.95630149393824	0.0504296483169477
SNP.173	0.142070203086835	0.103909900963508	1.36724413910016	0.171548794441474
SNP.174	0.00718151201903892	0.121642706979143	0.0590377524258014	0.952922038451091
SNP.175	0.428600216744331	0.254337267965582	1.68516482139114	0.0919567761624028
SNP.176	0.0794380724649382	0.124571231900861	0.637691955460137	0.523674223208127
SNP.177	0.00558248023980715	0.158871324141423	0.0351383754744674	0.971969401091343
SNP.178	0.0389798369272764	0.113520325925496	0.343373194267071	0.731317722890987
SNP.179	0.12437036607855	0.119201772972557	1.04336003548523	0.296781575558741
SNP.180	0.0976349532988243	0.104446321281129	0.934785946515326	0.349898623496233
SNP.181	0.0728156623254041	0.114620927416175	0.635273714554929	0.52524991385159
SNP.182	-0.0682574627924151	0.214788748331148	-0.317788819585558	0.750645132102767
SNP.183	0.417270699170346	0.0790511088452392	5.27849267727857	1.30250870375763e-07
SNP.184	-0.0448242488007432	0.0983314985515179	-0.455848323894493	0.648499051783229
SNP.185	0.192835147101451	0.200228076117195	0.963077460668324	0.335508651930965
SNP.186	-0.0837713693394801	0.104269075736345	-0.803415286343426	0.421734742549245
SNP.187	-0.0992279931105946	0.106048617480624	-0.935683985967327	0.349435918162792
SNP.188	-0.0548454146948622	0.107627216318832	-0.509586855172298	0.610340934837928
SNP.189	-0.114486178180572	0.201885059566653	-0.567085937049119	0.570655796859863
SNP.190	-0.104168116010131	0.101376006058265	-1.02754211830224	0.304165263462126
SNP.191	0.0976136825577993	0.153331294395733	0.636619438598542	0.524372760314483
SNP.192	-0.033040638110106	0.103511507616829	-0.319197728550271	0.749576579301088
SNP.193	-0.0538895617412398	0.118147603100291	-0.456120651855247	0.648303220243915
SNP.194	-0.0408666317129139	0.106806852304645	-0.382621815277828	0.702000192721659
SNP.195	-0.295636964892642	0.155717773444631	-1.89854348898561	0.0576245246003684
SNP.196	-0.0804983962264409	0.0979168709363503	-0.822109565559626	0.411014541852767
SNP.197	-0.0475991037657007	0.0984501606803544	-0.483484266930191	0.628751928200184
SNP.198	0.00701240380926387	0.0966617039227544	0.0725458327826263	0.942167532244013
SNP.199	-0.0120458233431501	0.108626604330499	-0.110892017820058	0.911701975419448
SNP.200	-0.0713850869108073	0.0973513957949166	-0.733272351443109	0.463392334775402
SNP.201	0.134253855926888	0.0941018238201309	1.42668707658106	0.15367011235235
SNP.202	0.123109102964592	0.113809409813821	1.08171286685332	0.279380134025225
SNP.203	0.163197829571899	0.111813898609519	1.45954869297442	0.144414148899314
SNP.204	0.0597417562511679	0.0974707376326902	0.612919915270359	0.539929294265701
SNP.205	0.161346388636053	0.108410395300802	1.48829259581953	0.136673746751276
SNP.206	0.0905449463000794	0.108684029487412	0.833102588550661	0.404786873824013
SNP.207	0.131499905017108	0.1166793218509	1.12701979177722	0.259734113113266
SNP.208	0.190902626430716	0.112325564813964	1.69954744271166	0.0892160834588563
SNP.209	0.146185544849491	0.169516350672258	0.862368404403213	0.38848482147093
SNP.210	0.11230007542344	0.124361454308591	0.903013526560874	0.366518715985171
SNP.211	0.0100033499232191	0.135018182260678	0.0740889097729498	0.940939639727208
SNP.212	0.0143304698534513	0.100873117003319	0.142064310880567	0.887029207994797
SNP.213	0.0595068925322739	0.122810991260498	0.484540446433269	0.628002366928073
SNP.214	0.0534893344795951	0.10083071097864	0.530486534910246	0.595774642394742
SNP.215	0.0576143579052355	0.166859539158955	0.345286569743853	0.729878942323501
SNP.216	0.133697109293564	0.0995669412050067	1.34278614644075	0.17934123049958
SNP.217	0.182514973360003	0.0998454700129174	1.82797450236241	0.0675533784340695
SNP.218	0.0848844749091627	0.100456030728265	0.844991328980306	0.398115680357454
SNP.219	0.0175130377557445	0.0986149020337041	0.177590175466168	0.859044840737923
SNP.220	0.0332990503136367	0.099530466572009	0.334561380655693	0.737955981356579
SNP.221	0.103548293863875	0.0980292326530059	1.05630015722356	0.290831104170711
SNP.222	0.121182469169604	0.0992101132661052	1.2214729444423	0.221907003410389
SNP.223	0.315753135147799	0.190709164392435	1.65567887706777	0.0977868671522099
SNP.224	0.0757217012209647	0.0982288244519497	0.770870481688451	0.440783705156339
SNP.225	0.0545686113155382	0.120437730612715	0.45308568201946	0.650487044987082
SNP.226	0.201453177020424	0.135973044044188	1.48156701526044	0.138455541077553
SNP.227	0.0993231152430608	0.133561505017591	0.743650763968098	0.457087783477651
SNP.228	0.281291906114937	0.1002185130811	2.80678586687179	0.00500384921287692
SNP.229	0.161655497183588	0.101169628056975	1.59786588414213	0.110072828077638
SNP.230	0.0857997426768715	0.104987765628338	0.817235628964683	0.413793785122449
SNP.231	0.00918321703970829	0.119390326132422	0.0769175974067005	0.938689098313352
SNP.232	0.0066116787320798	0.10452617694516	0.0632538080441673	0.949564397902451
SNP.233	0.0760948616518388	0.0999953796753883	0.760983776439102	0.446666757485698
SNP.234	0.017671071252257	0.101770629023584	0.173636258533511	0.862151334651151
SNP.235	0.0150798375488422	0.104209994866289	0.144706249800617	0.884942804474097
SNP.236	0.0588915086879337	0.114404169884036	0.514767151823471	0.606715741924927
SNP.237	0.0732489384804794	0.129692387091312	0.564789808586893	0.572216739799955
SNP.238	0.20111819960767	0.151832496305967	1.32460576293486	0.185301943504066
SNP.239	0.0875783003908895	0.151260414236667	0.578990219171695	0.56259577281485
SNP.240	0.242720290556802	0.176028736531403	1.37886742437364	0.167935633565754
SNP.241	0.0579420796488371	0.100550768021049	0.576247012222798	0.564448232769661
SNP.242	0.0823680075693346	0.102783377205111	0.801374792394339	0.42291470379625
SNP.243	-0.242342108350903	0.157341347867836	-1.54023155155926	0.12350392161874
SNP.244	-0.0161362565988175	0.103140615509961	-0.156449101249149	0.875679036431473
SNP.245	-0.232340753466207	0.154724376230825	-1.50164285115353	0.13318937037966
SNP.246	0.279636158812895	0.158850791076595	1.76036994790954	0.0783451013172792
SNP.247	-0.0505665374781328	0.101904492972042	-0.496214995073924	0.619742732553332
SNP.248	0.0377662158399744	0.123728188677664	0.305235340819243	0.760186917819192
SNP.249	0.0620945505634267	0.131112985764305	0.473595732729715	0.635788219059446
SNP.250	0.0800972145759759	0.100991616117505	0.793107563332604	0.427715156638544
SNP.251	-0.00430972362322768	0.140189468507619	-0.0307421354050818	0.975475187835379
SNP.252	0.149873348534131	0.110199290230481	1.3600209966931	0.173823279594308
SNP.253	0.192471316289856	0.176132121213628	1.09276669674812	0.274496247277552
SNP.254	-0.0143276513454859	0.200148791811804	-0.0715850004178788	0.942932177380522
SNP.255	0.0626254775523938	0.0981561082776604	0.638019157964588	0.52346120917474
SNP.256	0.162853244963359	0.170440218816475	0.955486012011724	0.339331975803531
SNP.257	0.0950730587454087	0.192825139358929	0.493053234974915	0.621974972953203
SNP.258	0.01816409970748	0.0971013558476018	0.1870632963765	0.85161100538586
SNP.259	0.327602951358606	0.161106547346626	2.03345523043057	0.0420065522608634
SNP.260	-0.0758086238944661	0.116108628582813	-0.652911198932959	0.513813528755379
SNP.261	0.146113849849247	0.136067994404878	1.07382967235099	0.282899028344394
SNP.262	0.0616310731167499	0.0970019464101968	0.63535913863138	0.525194211456104
SNP.263	0.104285665490667	0.141771191116217	0.735591375579111	0.461979412734785
SNP.264	0.109437051986529	0.101263819119251	1.08071227155332	0.279825122661939
SNP.265	-0.00246886912513692	0.10801880314062	-0.022855920019063	0.98176520192972
SNP.266	-0.0455301846308714	0.096676475472512	-0.47095412206889	0.637673497356785
SNP.267	0.0652887645829921	0.116786540585179	0.559043570053978	0.57613198514586
SNP.268	0.100623726452855	0.0990225942423943	1.01616936238351	0.309548743283047
SNP.269	0.0154748546419168	0.119813910748933	0.129157412066651	0.897233094127929
SNP.270	0.00695192025407705	0.106834700200392	0.0650717439281171	0.948116877815902
SNP.271	0.157822766024014	0.157766655720075	1.00035565375765	0.317138422874859
SNP.272	0.0748414635182845	0.103890989585622	0.720384547464571	0.471288261495267
SNP.273	0.0503027031305874	0.105116973091184	0.478540255215987	0.632265729898977
SNP.274	0.0298264190620265	0.12783216441725	0.233324838064009	0.815509172814563
SNP.275	0.197051212062375	0.153270579258108	1.28564276990524	0.198567762873542
SNP.276	0.143834132855182	0.109325751516515	1.31564732791664	0.188292440615482
SNP.277	0.0881467312907434	0.096521944120877	0.913229961265129	0.361121609341942
SNP.278	0.370296460137511	0.0759786862065139	4.87368864382607	1.09533574700478e-06
SNP.279	0.141957748312147	0.186400741685447	0.76157287266433	0.446314970499922
SNP.280	0.0209524435006039	0.0956797545915283	0.218985130031459	0.826661631170947
SNP.281	0.161443177590822	0.13396900985034	1.20507853100634	0.228172986904618
SNP.282	-0.0325326949202251	0.123553952206978	-0.263307602380263	0.79231350053242
SNP.283	0.087972191433494	0.102494614237803	0.858310381357065	0.390721098526024
SNP.284	0.170414387112581	0.113742028626887	1.49825345274612	0.134067412653212
SNP.285	0.242035136365403	0.100625491215319	2.40530638352358	0.0161589120053542
SNP.286	0.192975168778557	0.105663318487263	1.82632129618207	0.0678018792208841
SNP.287	0.152361879062088	0.0999576706790637	1.52426400122187	0.12744277594141
SNP.288	0.143473098367547	0.116310457301063	1.23353567423585	0.217375975517013
SNP.289	0.206199634048683	0.159505031033091	1.2927468977822	0.196098611826489
SNP.290	0.0411165566548546	0.160730366641401	0.255810756324522	0.798096967855707
SNP.291	0.00602557272845892	0.097455598813298	0.0618289026164879	0.950699086554018
SNP.292	0.0168210654329439	0.103288418201258	0.16285529128898	0.870632373164226
SNP.293	-0.114219379992714	0.0989826797901759	-1.15393299347762	0.248527641255397
SNP.294	0.0111410989795792	0.100168179373072	0.111223934080749	0.911438772730419
SNP.295	0.0414051927136133	0.0976819920257346	0.42387743999636	0.671655197795784
SNP.296	0.20121871799839	0.127066070703098	1.58357551221173	0.113290350142695
SNP.297	0.523809057552052	0.080786065687208	6.48390354321951	8.93793755138896e-11
SNP.298	0.13078795734886	0.143870179027327	0.909069261142837	0.363313567053252
SNP.299	0.092268649227145	0.104375729090461	0.884004835522413	0.376693602529474
SNP.300	0.0575175477720733	0.106718087822527	0.538967188652457	0.589909494852333
SNP.301	-0.109195992469747	0.108365597077394	-1.00766290607674	0.313616318405741
SNP.302	-0.0946462327603894	0.1563117484118	-0.605496603563324	0.544849080745165
SNP.303	-0.0686271730214612	0.123209824493821	-0.556994324952574	0.577531306589616
SNP.304	-0.0393756635001808	0.0992565191083368	-0.39670606881955	0.691584224375789
SNP.305	0.0182888083421491	0.0999410259061416	0.182996003656444	0.854801154292013
SNP.306	-0.0843910965490554	0.100317027835354	-0.841243987885715	0.400211262385013
SNP.307	-0.0854528234830424	0.109584075100901	-0.779792350342514	0.435513109746552
SNP.308	-0.0185544735389746	0.112029854048579	-0.165620795425913	0.868455380927508
SNP.309	-0.0713642995282784	0.0966566316304727	-0.738328020793346	0.460315142878862
SNP.310	0.0196349154424407	0.135795143420689	0.144592177215148	0.885032874002488
SNP.311	-0.0686448272754951	0.130366980302636	-0.526550719485424	0.598505621786847
SNP.312	-0.134406304842298	0.139073198774749	-0.966442895010922	0.333822608623733
SNP.313	-0.00545797319222942	0.102378333656231	-0.0533117994531576	0.957483478968257
SNP.314	-0.0411076138924355	0.105274087476638	-0.390481787852666	0.696180319795918
SNP.315	0.0240083238050112	0.122895040821811	0.195356327191604	0.845114003697751
SNP.316	-0.0914146638848886	0.112807947055197	-0.810356595179941	0.41773525661654
SNP.317	-0.0924018386515684	0.180083205732535	-0.513106362560017	0.607876921097489
SNP.318	0.0878747260747098	0.196993029255948	0.446080383689803	0.655539182032904
SNP.319	-0.0375849036111531	0.103192680769201	-0.364220633973206	0.715693259972391
SNP.320	-0.267084480139204	0.167110178997227	-1.59825380920474	0.109986502735756
SNP.321	-0.0254235179371072	0.0989118168079116	-0.257032160135933	0.797153946670182
SNP.322	0.0696196156419923	0.144850093766482	0.48063217517987	0.630777943576907
SNP.323	0.0191620101000515	0.104726306014939	0.182972271525724	0.854819775421067
SNP.324	-0.00134165202545133	0.101863227756881	-0.013171112431794	0.989491276582027
SNP.325	-0.0373890693756996	0.122139009024142	-0.306118984216659	0.759514054014528
SNP.326	0.0988678843829066	0.105154796731007	0.940212785878107	0.347108424653873
SNP.327	-0.110341478753158	0.114746065429762	-0.961614486212604	0.336243292013116
SNP.328	0.135094318932506	0.100102159102057	1.34956448636412	0.17715572219782
SNP.329	-0.0841594340853902	0.114208013700061	-0.736896049224832	0.461185566787458
SNP.330	0.0212244483845395	0.112397315969488	0.188834121184008	0.85022282808301
SNP.331	0.0703235846761818	0.130945061130375	0.537046483991971	0.591235505590038
SNP.332	0.1185085898208	0.17420927880831	0.680265658818322	0.496336264706227
SNP.333	0.169925747308801	0.201352690358777	0.843920918096608	0.398713598236535
SNP.334	0.023998188886826	0.121145102704698	0.198094585344681	0.842971061160114
SNP.335	0.075782643415081	0.0958644086433656	0.790519072589362	0.429224688170883
SNP.336	0.0864008641213104	0.0960740916753065	0.899314920543949	0.368484942159155
SNP.337	0.127193438986259	0.10007586161731	1.27097021130477	0.203739246316872
SNP.338	-0.06186046547549	0.108044037701613	-0.572548627313714	0.566950351965384
SNP.339	0.0871595987456634	0.0953350609291436	0.914244957691311	0.360588145689357
SNP.340	0.100270071148494	0.122556873782414	0.818151345199227	0.413270773416862
SNP.341	0.126391194724234	0.134781747593206	0.937747113249367	0.348374385741167
SNP.342	0.0843509624996486	0.10531088945627	0.800970943604792	0.423148467358619
SNP.343	0.151420198519782	0.125348077418706	1.20799777418194	0.227048118507366
SNP.344	0.186729346573079	0.171617148335463	1.08805762351951	0.276569669737803
SNP.345	0.0180179898225814	0.113814310944299	0.158310406425071	0.874212208407943
SNP.346	0.0512569376116039	0.106161936090259	0.482818414012583	0.629224674946954
SNP.347	0.0537967825973042	0.169644201462046	0.317115363411581	0.751156067744657
SNP.348	0.0441279516879192	0.0988328964651323	0.44649052356254	0.655242956368614
SNP.349	0.0676794788391283	0.103379125387544	0.654672581001373	0.512678582358179
SNP.350	-0.0593475335403459	0.103191125634851	-0.575122455300576	0.565208482176189
SNP.351	-0.0190552798435818	0.154616888607033	-0.123241904653843	0.901915543361157
SNP.352	0.0543736740305452	0.0999595677927824	0.543956673995056	0.58647128766406
SNP.353	0.0411547464685971	0.104998837605611	0.391954305467453	0.695091976759249
SNP.354	-0.0413822674621992	0.124650209123921	-0.331987148301204	0.739898963362042
SNP.355	-0.221500151185141	0.150749883990996	-1.46932219993197	0.141745418195208
SNP.356	-0.0737581246070094	0.194049660817092	-0.380099219428848	0.703871765188381
SNP.357	-0.111642887371518	0.153140268317587	-0.729023715303866	0.465987155935077
SNP.358	-0.0107978485261064	0.114652619086095	-0.0941788213141306	0.924967108130709
SNP.359	-0.0338845278811039	0.114580768033198	-0.295726136791878	0.767439235204914
SNP.360	-0.149318888664232	0.143156528299017	-1.0430463104857	0.296926844824007
SNP.361	-0.172963921818722	0.169898208271362	-1.01804441364363	0.308656849794185
SNP.362	-0.20119975598333	0.141639298675881	-1.42050799364478	0.155459843081462
SNP.363	-0.0430407063052249	0.10754453572161	-0.400212860806244	0.688999742896872
SNP.364	-0.0458165281321327	0.126488236329411	-0.362219677194436	0.717187876270893
SNP.365	-0.37327376563922	0.18909042258668	-1.97404903184935	0.0483761679447488
SNP.366	-0.0174189606964478	0.107928596339714	-0.161393377540279	0.87178358225681
SNP.367	-0.103878391327931	0.103545303650503	-1.00321683036975	0.315756254220634
SNP.368	0.00253190371851119	0.139910507360356	0.0180965945037278	0.985561794700113
SNP.369	0.0175846910899083	0.108661243070397	0.161830387661919	0.871439422556139
SNP.370	0.0788818938583088	0.117191137348502	0.6731046019609	0.500880746398749
SNP.371	-0.064436016890472	0.0954056358095094	-0.675390047388054	0.499427987057658
SNP.372	0.0681347880481738	0.114546647897886	0.594821317764912	0.55196291625834
SNP.373	0.0783092405041141	0.0991129641388828	0.790100883214256	0.429468854115363
SNP.374	0.0939118845761182	0.0964696644709669	0.973486174033304	0.330311728484743
SNP.375	0.0914673893751494	0.0990368073672307	0.923569648564965	0.355710422348852
SNP.376	0.0403769128385724	0.100516515776747	0.401694313880237	0.687909009736986
SNP.377	0.11927425600905	0.111159258135005	1.07300334682145	0.283269614497463
SNP.378	-0.0127949834587429	0.0999741847805148	-0.127982873647165	0.898162526423537
SNP.379	0.0537050101716537	0.111910853792265	0.479890987797697	0.631304909828186
SNP.380	0.0318580969596388	0.100163130399311	0.318062113600414	0.750437821422994
SNP.381	0.100217104966455	0.162114057776569	0.618188862464832	0.536450850864075
SNP.382	0.00913582123323185	0.104161067565731	0.087708598296256	0.930108285511945
SNP.383	-0.0596531026051453	0.168154714027942	-0.354751295257967	0.722775918885839
SNP.384	-0.018361290994983	0.109406769376842	-0.167825913328444	0.866720235742638
SNP.385	0.000756497189220803	0.103108308204197	0.00733691787205575	0.994146039026197
SNP.386	0.0145434229016146	0.114010438567478	0.127562204692397	0.898495442995139
SNP.387	-0.0470102618485104	0.0995703974484002	-0.472130904899443	0.636833354444777
SNP.388	-0.0377009576389778	0.100442285522308	-0.375349460069829	0.707400586674388
SNP.389	0.0777413658585944	0.126257060151199	0.61573876158288	0.538066950347584
SNP.390	-0.0302651861064879	0.142672024257109	-0.212131188746205	0.83200468826045
SNP.391	0.0555045045997289	0.116919842415016	0.474722711331678	0.63498462788565
SNP.392	-0.0106230428253613	0.0980131538292727	-0.108383848599193	0.913691212608399
SNP.393	-0.0472729971255537	0.163755074345866	-0.288681113024374	0.772825417261985
SNP.394	0.0889387551645244	0.139055718584613	0.639590777494034	0.522438679808934
SNP.395	0.036082470283895	0.133885134252568	0.269503186334543	0.787542490557646
SNP.396	-0.040142952230604	0.104628131468613	-0.38367264775866	0.701221087838119
SNP.397	-0.104813680454476	0.18743835539037	-0.559190141399744	0.57603196064853
SNP.398	-0.0204510510624259	0.117981119138017	-0.173341727997187	0.862382825910189
SNP.399	0.0436885258652151	0.113246699057527	0.385781892353632	0.699658206975841
SNP.400	-0.0733326940604639	0.168024668597394	-0.436440045813613	0.662517489456063
SNP.401	-0.00424526766622903	0.111755612765891	-0.0379870644629022	0.969697995648271
SNP.402	0.190486543437679	0.134397515229824	1.41733679459728	0.156384482399912
SNP.403	0.132299559511582	0.145613420881006	0.908567072397096	0.36357869418462
SNP.404	0.216401491163639	0.147138061327865	1.4707376814041	0.141362071516451
SNP.405	0.104033651943415	0.0983089215900944	1.05823205321273	0.289949661437518
SNP.406	0.157241193439141	0.105723867357375	1.48728189168131	0.136940375114603
SNP.407	0.0478929901288894	0.123741207030332	0.387041562615029	0.698725438660336
SNP.408	0.058377205857578	0.224657317698067	0.25985000825139	0.794979474497983
SNP.409	0.0271232612280401	0.105204445198267	0.257814783176927	0.796549854761781
SNP.410	0.0540816378007544	0.123395382761469	0.438279266131844	0.661183854130793
SNP.411	-0.00222859283639148	0.105259496863987	-0.0211723683162879	0.983108156229723
SNP.412	0.120844306828631	0.100292170497001	1.20492263982107	0.228233167723356
SNP.413	0.123181967580392	0.120049302019638	1.02609482527639	0.304846889228107
SNP.414	-0.0280097709369724	0.0966357036259232	-0.289849091857376	0.771931689254836
SNP.415	-0.0408481724093072	0.097630787981099	-0.418394373885575	0.675658799349966
SNP.416	-0.226456666059791	0.175112951713414	-1.29320340867993	0.195940717048062
SNP.417	0.0634710762342903	0.164901596572912	0.384902739290498	0.700309476313347
SNP.418	-0.0924947187626359	0.0978971363898992	-0.944815366143634	0.344753145562522
SNP.419	-0.0811290631770832	0.208273746226522	-0.389530916147472	0.6968834452185
SNP.420	0.00405822135390291	0.0968411417443285	0.0419059635275374	0.966573662368423
SNP.421	0.00350519365376062	0.120954206577916	0.0289795101214825	0.976880932284831
SNP.422	-0.143581112865485	0.106251453135438	-1.35133316889759	0.176588731468186
SNP.423	-0.0974579140347918	0.110104397987502	-0.885140973622634	0.37608060299109
SNP.424	-0.034148224695386	0.128165742468238	-0.26643800470979	0.789901899145492
SNP.425	-0.164294570645126	0.209871422343632	-0.782834407898182	0.433724359279579
SNP.426	0.0109175600871762	0.11017125321432	0.0990962684788374	0.921061834828701
SNP.427	-0.141179191284097	0.166060251924295	-0.850168475888251	0.395231425451089
SNP.428	-0.0894286836283289	0.108382849810262	-0.825118400050244	0.409304374349164
SNP.429	-0.0669217806894758	0.113737698568776	-0.588386977506926	0.55627257664369
SNP.430	-0.150367130933744	0.100233885432154	-1.50016264744644	0.1335722762645
SNP.431	-0.00878318195144085	0.0996471136099365	-0.0881428636841622	0.929763128640834
SNP.432	-0.0673349826357765	0.1089428611277	-0.618076135863993	0.536525152292694
SNP.433	-0.0765326496540446	0.10543462736212	-0.725877745943841	0.467913720186115
SNP.434	-0.0827211183555246	0.101304725699692	-0.816557349957627	0.414181436886721
SNP.435	-0.144018047409195	0.108600876135788	-1.32612233467734	0.184799179228671
SNP.436	-0.325448430690868	0.132569039103977	-2.45493542753682	0.0140909897082072
SNP.437	-0.363263018263949	0.24644752935381	-1.47399740308386	0.140482290377239
SNP.438	-0.18483134434478	0.108625543493156	-1.70154586482161	0.0888405330508762
SNP.439	-0.132703311704708	0.0974924797337525	-1.36116459512687	0.173461680036196
SNP.440	-0.325133138203985	0.203457899486825	-1.59803644402138	0.110034866629547
SNP.441	0.268094373225912	0.141362861476402	1.8964979233295	0.0578942343340585
SNP.442	0.0141459569258329	0.0978828305556767	0.144519287453447	0.885090427140095
SNP.443	0.0592812621327872	0.101131809774448	0.586178199173939	0.557755770341965
SNP.444	-0.00509492658246583	0.103067356637766	-0.0494329800304489	0.960574246016396
SNP.445	-0.0182850507756028	0.100109081740572	-0.182651268573091	0.855071654441072
SNP.446	-0.0692470836912735	0.102971865554259	-0.672485472789511	0.501274685363657
SNP.447	0.0509813565274841	0.0989144292720447	0.515408691155361	0.606267460441704
SNP.448	0.139387713200373	0.0974741925448808	1.42999607958993	0.152718144270004
SNP.449	0.0200454899007918	0.12490445966875	0.160486582736541	0.872497790061991
SNP.450	0.0807074433050781	0.11249504450188	0.717431098075876	0.473108136853943
SNP.451	0.133018186147629	0.100101734826405	1.32882997860434	0.183904069293742
SNP.452	0.0691159826748067	0.100485150757084	0.687822848988799	0.491564345558295
SNP.453	0.0425630449262757	0.127595709912709	0.333577398138182	0.738698475930788
SNP.454	0.0706137258897916	0.122999594630916	0.574097224480143	0.565902011443271
SNP.455	0.00413898379614565	0.115999437524822	0.0356810678091433	0.971536666638301
SNP.456	0.0850963963577837	0.116448899981129	0.730761702099152	0.464924719988308
SNP.457	0.0368123769118304	0.165140399930989	0.222915633771107	0.823601168527695
SNP.458	-0.228015112710911	0.196278199335135	-1.16169352217048	0.2453599779315
SNP.459	-0.0717096511770703	0.129835311889776	-0.552312388157919	0.580734344515666
SNP.460	-0.177225763683237	0.105141988367189	-1.68558504965977	0.0918757507868025
SNP.461	-0.053176259046567	0.132827692314076	-0.40034015588278	0.688905995318487
SNP.462	0.00138703284692821	0.116610885417386	0.0118945400505588	0.990509753916469
SNP.463	-0.0289355055656589	0.103093987571215	-0.280671125905097	0.778962657062406
SNP.464	-0.0292008266025814	0.140955045216074	-0.207164110783113	0.83588169473328
SNP.465	0.013224768050887	0.117174528504274	0.112863846944385	0.910138499098379
SNP.466	0.0138563413381555	0.113061874363418	0.122555383202093	0.902459187057543
SNP.467	-0.0482247833099404	0.105377338987999	-0.457639031058022	0.647211797157518
SNP.468	0.0493436715207845	0.214263427316127	0.230294419065659	0.81786299701907
SNP.469	-0.29103296429915	0.168487307961389	-1.72732870992184	0.0841086458638376
SNP.470	-0.147106638121985	0.0988602554612114	-1.48802607717015	0.136744016666982
SNP.471	-0.0902827905908639	0.111255288599425	-0.811492125250126	0.417083113323065
SNP.472	-0.0357465284945969	0.196363995108207	-0.182042173642366	0.855549629046473
SNP.473	-0.0893933840341296	0.164512146114536	-0.543384705296425	0.586864954121313
SNP.474	-0.0604245126805623	0.0979057267857952	-0.61717036034841	0.537122363533472
SNP.475	0.0360276324802671	0.212776164269766	0.16932174994277	0.865543568999833
SNP.476	0.0433948690689581	0.100648642623745	0.431152054689712	0.666357812998497
SNP.477	-0.133843334007093	0.149649003974186	-0.894381722915983	0.371117688076959
SNP.478	0.143665326251517	0.209512938485367	0.685710998519313	0.492895369741297
SNP.479	0.0274882135624161	0.100839230494515	0.272594439957684	0.785164986408021
SNP.480	0.066912270444607	0.108724643117768	0.61542874297715	0.538271614280232
SNP.481	0.0674124003369955	0.103909888114062	0.648758280472755	0.516494627351465
SNP.482	0.0386816862419118	0.0991426874562895	0.390161768198648	0.69641693033898
SNP.483	0.0167078944463032	0.104788695750165	0.159443672112665	0.873319333606472
SNP.484	-0.0156767969252981	0.11978445407407	-0.130875054250397	0.895874148747926
SNP.485	0.0618932075750376	0.106773091057686	0.579670467174154	0.562136862750575
SNP.486	0.119044142041325	0.0978767686994016	1.21626555129678	0.223883779833778
SNP.487	0.0520093681733995	0.126949548587396	0.409685333678792	0.682036790104195
SNP.488	-0.0761331894312668	0.0972575405515598	-0.782799863121212	0.433744647971431
SNP.489	0.223283543995643	0.130811219806292	1.70691431764253	0.0878379792113381
SNP.490	0.0165112840652154	0.0989743821682946	0.16682381545095	0.86750867925192
SNP.491	-0.000360450481061698	0.102810884617134	-0.00350595642089854	0.997202657231616
SNP.492	0.0501104416774579	0.130901167159912	0.382811267192458	0.701859706711178
SNP.493	-0.00910924187481503	0.0963038819531863	-0.0945885221869152	0.924641666925385
SNP.494	-0.100781877666399	0.0955477480285251	-1.05478025119244	0.291525838760403
SNP.495	0.0892332771097598	0.104217186143371	0.856224202666553	0.391873777768839
SNP.496	-0.0443456098850414	0.147224500636034	-0.301210801826198	0.763253753439551
SNP.497	0.00257023636876804	0.110669584368178	0.0232244151222013	0.981471263406744
SNP.498	0.0207324216506026	0.100906441132996	0.205461826002534	0.837211320266453
SNP.499	-0.0584731620882851	0.0973984154988508	-0.600350239670737	0.548272843078367
SNP.500	-0.0556601558837478	0.116465869754948	-0.477909588455919	0.632714556536709
SNP.501	0.103053407182302	0.0996190461288277	1.03447494416914	0.300914184333443
SNP.502	0.345472400906474	0.0772037133452394	4.47481585971897	7.64771934715509e-06
SNP.503	0.0429554216950881	0.0992859705640983	0.432643418310107	0.665273841480807
SNP.504	-0.0129785271902433	0.0990701825997431	-0.1310033639756	0.895772646273407
SNP.505	-0.0673140498424957	0.0978166004284366	-0.68816590995455	0.491348308775097
SNP.506	-0.0353369570343932	0.102976117819199	-0.343156819102818	0.731480487816619
SNP.507	0.00467064971106239	0.0982388648841437	0.0475438078052983	0.96207981621183
SNP.508	0.0181263359782091	0.0977837713985338	0.185371618612788	0.852937567683722
SNP.509	-0.170062003370225	0.151127832271032	-1.12528579821907	0.260467945806624
SNP.510	-0.111844845622689	0.110648639020178	-1.01081085689896	0.312106965798358
SNP.511	-0.0725730882841228	0.114556434464353	-0.633513853878771	0.526398136792177
SNP.512	-0.0618555462808038	0.123911445129806	-0.499191549384368	0.61764444731939
SNP.513	-0.138336847279682	0.103213644041041	-1.34029612620474	0.18014909040578
SNP.514	-0.0677890121435099	0.13093767282772	-0.517719695787651	0.604653854262732
SNP.515	-0.0796634392668446	0.147744396545057	-0.539197703126088	0.589750445052951
SNP.516	-0.0806164118456063	0.102844503202669	-0.783866996632193	0.433118156996462
SNP.517	-0.0269357279754112	0.124563418565843	-0.216241078524778	0.828799834899202
SNP.518	-0.120823839190131	0.145240528266177	-0.831887907820753	0.405472217895889
SNP.519	-0.136566483984139	0.109013469016482	-1.25274872193536	0.21029716852608
SNP.520	-0.0877269697386033	0.109480521865691	-0.801302078612902	0.422956787809492
SNP.521	-0.134439808708597	0.181415080744294	-0.741061923612026	0.458655895069852
SNP.522	0.0632749171057162	0.100855967556844	0.627379010270796	0.530410823169989
SNP.523	0.0252815843884391	0.10471692334587	0.241427876036201	0.809223509675099
SNP.524	0.207946343451276	0.149039378661091	1.3952442993213	0.162942182506844
SNP.525	0.208496718884762	0.114953125743647	1.8137542370942	0.0697155708393533
SNP.526	-0.14322457351661	0.178337600461413	-0.803109232971874	0.421911601587396
SNP.527	0.0522610813823576	0.0994945328829761	0.525265860022945	0.599398386847784
SNP.528	0.0495484369453383	0.101835724731892	0.486552602986693	0.626575418976709
SNP.529	0.0724935986660968	0.0998009843443832	0.726381599764019	0.467604868037751
SNP.530	0.0506701045473067	0.113252935289673	0.447406545514298	0.654581550646319
SNP.531	0.127358828254051	0.131372371524591	0.969449106962426	0.332321161050581
SNP.532	0.256670595473012	0.118684807878473	2.16262384429041	0.0305701227830658
SNP.533	0.0684306648824868	0.132710511625722	0.515638618555543	0.606106832634204
SNP.534	0.078067084970125	0.101926040022888	0.765918944291315	0.443724533011537
SNP.535	0.0941955109574741	0.100914796280274	0.933416252418143	0.350605092206336
SNP.536	0.0990294417133218	0.105193463983873	0.941402991810439	0.346498380997622
SNP.537	-0.00959158493001257	0.116855421622854	-0.0820807866405122	0.934582471602154
SNP.538	0.0387236577196699	0.100120317504579	0.386771223711899	0.698925582585769
SNP.539	0.0466763788244101	0.119730230120575	0.389846229957168	0.696650256420794
SNP.540	0.0891714287936755	0.104120667355191	0.856423907556041	0.391763345329252
SNP.541	0.140462294286565	0.130569898546404	1.07576321840095	0.282033166035135
SNP.542	0.0444505707843951	0.10862981704057	0.409193092609134	0.682397963072367
SNP.543	-0.0182062955754693	0.100933870298058	-0.180378454939913	0.856855467367224
SNP.544	0.0469687279982827	0.105755043920951	0.444127544719196	0.65695037291709
SNP.545	-0.0851845487012059	0.121801053387543	-0.699374482666979	0.484318030451737
SNP.546	0.0707820537762728	0.178022153724351	0.397602502247396	0.690923215750681
SNP.547	-0.118913907877625	0.103165750096742	-1.15264908912226	0.249054445774867
SNP.548	-0.0792728280278132	0.126510969096559	-0.626608337552997	0.530916001700054
SNP.549	-0.083919660958002	0.106654597757766	-0.786835848826697	0.431377964930896
SNP.550	-0.12304220043787	0.100398472009328	-1.22553857618907	0.220372364740611
SNP.551	0.0324565539197585	0.110287455151322	0.294290532637876	0.768535906376613
SNP.552	-0.0671911303794591	0.162647953450444	-0.413107751767261	0.679527670267736
SNP.553	-0.0250938268545439	0.189101749885701	-0.132700130325137	0.894430539792662
SNP.554	-0.062406243069384	0.10036006758898	-0.6218234460041	0.534057967594868
SNP.555	-0.0413908308381285	0.101038179518034	-0.409655350438501	0.682058787681424
SNP.556	-0.0870370457376904	0.104044465865014	-0.836537003809609	0.402852868532162
SNP.557	0.0346985169744602	0.108693204690752	0.319233544297296	0.749549421971027
SNP.558	-0.199930240260302	0.152835140609608	-1.3081431368653	0.190824764620518
SNP.559	-0.0303742946782935	0.104413845127667	-0.290902941474427	0.771125551588315
SNP.560	0.0302623631698555	0.132547450821735	0.228313430263972	0.819402584425071
SNP.561	-0.0810978878445576	0.194499363703214	-0.416957085619594	0.676709797422853
SNP.562	-0.0497311828128673	0.0977761870114127	-0.508622644561324	0.611016753333524
SNP.563	0.0240822216065967	0.0982707851058961	0.245059827095569	0.806410107947535
SNP.564	-0.0939981810557664	0.131423691571571	-0.715230107537927	0.474466868004035
SNP.565	0.00707944962783889	0.0984963541126479	0.0718752454506315	0.942701190354315
SNP.566	-0.0921560749584465	0.124808770106404	-0.738378199543831	0.460284658401057
SNP.567	0.0280076536087094	0.0978551556937992	0.286215411034129	0.774713140965065
SNP.568	0.0322269243714551	0.0988663239156988	0.325964626731083	0.744451118463228
SNP.569	0.0430957649950483	0.104256142075841	0.413364278947694	0.679339741824651
SNP.570	-0.0367886570718653	0.0978297477772812	-0.376047755490674	0.70688139342663
SNP.571	-0.0211144935611106	0.104857847776157	-0.201363026315248	0.840414723773063
SNP.572	-0.102404968981004	0.0991476092834192	-1.03285363833911	0.301672397745904
SNP.573	0.94976447063487	0.0990895061359312	9.58491476718009	9.25340145816176e-22
SNP.574	0.173556460073002	0.106521908105918	1.62930295897844	0.103248900074477
SNP.575	0.291951715863175	0.123934269346115	2.35569804383833	0.0184879391320375
SNP.576	0.183295211025711	0.128868561155577	1.42234234154618	0.154926892678552
SNP.577	0.152407686310112	0.101043115107762	1.50834310826196	0.131466735579673
SNP.578	0.131118040006449	0.107859678098452	1.21563537290336	0.224123853023875
SNP.579	0.0707645160657694	0.11195319110898	0.632090209888564	0.527327932083242
SNP.580	0.164723793015256	0.0982590657863523	1.67642335795681	0.0936552968506234
SNP.581	0.0288334977397103	0.107906510050509	0.267208139028997	0.789308909884787
SNP.582	0.0502036971634929	0.0958094074636224	0.523995487421782	0.600281678506052
SNP.583	0.0642240060904285	0.125970143510827	0.509835142681317	0.61016696300968
SNP.584	0.131994114726959	0.102370272971239	1.28937933733989	0.197266241242851
SNP.585	0.0679717277444509	0.0995594017858166	0.682725353158302	0.494780406117743
SNP.586	0.161645922555218	0.116969913284653	1.38194445063701	0.166988758044588
SNP.587	0.0506190681078676	0.0977287763442533	0.517954588212176	0.604489953910599
SNP.588	0.109291805846753	0.146824945075567	0.744368103052947	0.45665381049956
SNP.589	-0.0236327432457945	0.142872826684032	-0.165411042773438	0.868620462524187
SNP.590	0.0236204934736525	0.0942617000146406	0.250584208326222	0.802135592183997
SNP.591	-0.0132956847025199	0.122757409965341	-0.108308612134076	0.913750891310987
SNP.592	0.0481626469751895	0.115658358819899	0.416421670397272	0.677101473898176
SNP.593	0.100001539273729	0.148269695849501	0.674457033858318	0.500020793200786
SNP.594	0.025265167545821	0.12172056463362	0.20756695979738	0.835567104720108
SNP.595	0.0228205325265076	0.102329970929159	0.223009274011284	0.823528288638935
SNP.596	0.0831091740389427	0.12587133374169	0.660270862065362	0.509080025215474
SNP.597	0.0149714879466596	0.107705222241748	0.139004289996781	0.889446759034727
SNP.598	0.118811141131562	0.116266970728448	1.02188214234167	0.306836685379782
SNP.599	-0.00687848294730062	0.0994125301241408	-0.0691913075616439	0.944837342087658
SNP.600	0.0943837949821546	0.115093664979329	0.820060730528534	0.41218148721627
SNP.601	-0.0240970341741535	0.120147249563867	-0.200562511931195	0.841040673528849
SNP.602	-0.234824230406332	0.101247034876555	-2.31931958000192	0.0203777145377628
SNP.603	-0.191969925562654	0.161097905342001	-1.19163514358001	0.233404338731303
SNP.604	-0.209618055260486	0.147450698911911	-1.42161452476882	0.155138185864276
SNP.605	0.0232295054240742	0.0996648856112251	0.233076125875349	0.815702293203559
SNP.606	0.0996363407224802	0.102196092130009	0.974952550981381	0.329583796995216
SNP.607	0.255238352219842	0.200910732742679	1.27040675595338	0.203939777977002
SNP.608	0.0199185117070868	0.113595117719301	0.175346547518938	0.860807338661932
SNP.609	0.0895162178699999	0.147334771677327	0.607570207975388	0.543472564974167
SNP.610	0.251056233488399	0.143173249971477	1.7535135476663	0.0795138961267423
SNP.611	0.13927349095273	0.102128693095606	1.36370579835337	0.172660178407465
SNP.612	0.0620418960097905	0.0981901499690775	0.631854580416967	0.527481904677539
SNP.613	0.162128126105876	0.102223791323276	1.58601167113003	0.112736662048603
SNP.614	0.0473483337225047	0.098822666985034	0.479124224907584	0.631850256926963
SNP.615	0.0610683211433703	0.10631950875447	0.574384906954366	0.565707364066733
SNP.616	0.0955133594021901	0.106001365204802	0.901057823337011	0.367557576311569
SNP.617	0.04727143980602	0.101391156835299	0.466228429396543	0.641052001927338
SNP.618	0.0716579296160016	0.0992585350988736	0.721932169809091	0.470336181584413
SNP.619	-0.00689861387535684	0.10366781305467	-0.0665453786675214	0.946943630797178
SNP.620	0.111746175246198	0.188511340120978	0.592782244158275	0.553326892100152
SNP.621	0.0320012930728178	0.103764999006164	0.30840161306142	0.757776754705743
SNP.622	-0.0856352984066791	0.102541014321418	-0.835132156370642	0.403643303108973
SNP.623	0.116106103276716	0.0964016358977164	1.20439971993739	0.228435120247257
SNP.624	0.127515148537543	0.0969159076815104	1.31572980729427	0.188264745979765
SNP.625	0.0692623287764337	0.105193780502759	0.658426082277906	0.510264380161819
SNP.626	0.366660367730658	0.141527868407244	2.59072910414787	0.00957728486513316
SNP.627	0.177277568879291	0.134093236420129	1.32204705928538	0.186152480984353
SNP.628	0.30904695841162	0.164101763638533	1.88326408905853	0.0596645875024628
SNP.629	0.121255450217359	0.119182833702858	1.01739022684818	0.308967829391535
SNP.630	0.268994582722576	0.182572637689607	1.47335650142654	0.140654932847824
SNP.631	0.164057875142425	0.142283601586415	1.15303431536195	0.24889629996552
SNP.632	0.205561172317925	0.101261447532067	2.03000428423492	0.0423561038041712
SNP.633	0.0921210487721324	0.100538929656015	0.916272423899048	0.359524027756502
SNP.634	0.279875905518402	0.165596750199941	1.69010506051888	0.0910078569221085
SNP.635	0.235248843623123	0.158130465104091	1.48768830514897	0.13683311319058
SNP.636	0.028705805201945	0.111505308245203	0.257438911686789	0.796839967659303
SNP.637	0.156322054717405	0.110695135994286	1.4121853983311	0.157895378732279
SNP.638	0.131982789971691	0.097669823570634	1.351315945362	0.176594246329001
SNP.639	0.0712101126781904	0.0977587201839549	0.728427219016295	0.466352106262471
SNP.640	0.1567614960986	0.121841118485001	1.28660585234121	0.198231702841019
SNP.641	0.189142850404982	0.108117744561896	1.74941542825748	0.0802192359000179
SNP.642	0.14767184374195	0.0985091325650773	1.49906754730983	0.133856109559575
SNP.643	-0.0745803248016866	0.11957096475037	-0.623732734425864	0.53280312154185
SNP.644	0.174235669707916	0.10299602171213	1.69167378323504	0.0907081897806769
SNP.645	0.238832184963572	0.109343109057608	2.18424541813367	0.0289442191594843
SNP.646	0.105480577780809	0.138266386657943	0.762879397736465	0.445535324046531
SNP.647	0.17392853389883	0.0978653862934235	1.77722216696055	0.0755316936781691
SNP.648	0.0622925545148122	0.106987397663668	0.58224198246824	0.560403698592594
SNP.649	0.0305772814863316	0.190447330605014	0.16055505419369	0.872443857082508
SNP.650	0.146151750080541	0.142448602119029	1.0259963797919	0.304893290496556
SNP.651	0.495829283861571	0.0873458635437667	5.67662009103756	1.37382118582909e-08
SNP.652	-0.216832266555812	0.170843769455622	-1.26918451428887	0.204375262862514
SNP.653	-0.1795276036271	0.117632259416321	-1.52617661615867	0.126965885388346
SNP.654	-0.106499065164043	0.0976236055941496	-1.09091509697758	0.275310243469665
SNP.655	-0.331403490119541	0.15978195402281	-2.0740983682815	0.0380701760987148
SNP.656	-0.0582891854527872	0.12362462956127	-0.471501396280409	0.637282722799167
SNP.657	-0.0717077772751516	0.132536452363278	-0.541041924666906	0.588478685902753
SNP.658	-0.164116823789971	0.118948089354047	-1.3797348463621	0.167668299663972
SNP.659	-0.0853180774637186	0.100427645969941	-0.849547718058189	0.395576589665844
SNP.660	-0.0848198455618414	0.104469312393657	-0.811911590288129	0.416842363366017
SNP.661	-0.0969479441138242	0.114596729923262	-0.845992238860079	0.397557073906331
SNP.662	-0.0436063847985871	0.131208487884815	-0.33234423703494	0.739629340028588
SNP.663	0.00736442807589755	0.0999890958578932	0.0736523119117313	0.941287045250029
SNP.664	-0.079062880511501	0.110292839957839	-0.716845087511793	0.473469687790567
SNP.665	0.116604990912328	0.100467015587773	1.16062958803087	0.245792567480384
SNP.666	0.0420079702518207	0.111506054597059	0.37673263934969	0.7063723042936
SNP.667	0.124613194105007	0.138979283807282	0.89663143089587	0.36991562055162
SNP.668	0.109621048558128	0.110812917011226	0.989244318394958	0.322543619770862
SNP.669	0.0230697104754537	0.132248705885629	0.174441861800937	0.861518217662546
SNP.670	-0.0618640063177396	0.21298487639793	-0.290461967835482	0.771462842431139
SNP.671	0.119461315968335	0.101787884356199	1.17363001229389	0.240543254510102
SNP.672	0.0677289867514276	0.0996682503476091	0.67954425321215	0.496793078018681
SNP.673	0.252483606438934	0.226015119844183	1.11710936247539	0.263947567864711
SNP.674	0.105507097825859	0.109916978969141	0.959879891308519	0.337115667763756
SNP.675	-0.0879507957396515	0.117442090987128	-0.748886493763905	0.453925621544641
SNP.676	-0.104359568604093	0.169624007161647	-0.615240556748794	0.538395867593365
SNP.677	-0.107232909096448	0.171606402318634	-0.624877088777495	0.532051730527413
SNP.678	-0.109412021178247	0.10054424020548	-1.08819780182976	0.276507794940509
SNP.679	-0.0125976897159488	0.110796827873758	-0.113700815787819	0.909474965811625
SNP.680	-0.15999947153062	0.129983420393156	-1.23092215181502	0.218351981703307
SNP.681	-0.0080866935673962	0.100083864380077	-0.0807991739476236	0.935601665017696
SNP.682	-0.0371661363317954	0.115741752600262	-0.321112610590547	0.748125054099319
SNP.683	-0.034797835931389	0.114950589816248	-0.302719942429302	0.762103298607955
SNP.684	-0.104418003874205	0.0978284252093731	-1.06735852744976	0.285809968443878
SNP.685	0.0450174812394802	0.0987196504511554	0.456013377617802	0.648380358443154
SNP.686	-0.0133601919214723	0.0999402217841735	-0.133681831828674	0.893654172298173
SNP.687	0.00904335891414788	0.109081655862417	0.0829044887763176	0.933927484803619
SNP.688	-0.0956260652998601	0.147284123313124	-0.649262548798694	0.516168688464268
SNP.689	0.0521245567889473	0.134265356559691	0.388220447362935	0.69785290272332
SNP.690	-0.00253656424656818	0.140941461592839	-0.0179972892142694	0.985641015955426
SNP.691	-0.266741442367732	0.125963024547693	-2.11761700169985	0.0342075171121675
SNP.692	0.00813948588160616	0.109155226176972	0.0745679906192461	0.940558442978299
SNP.693	0.0676502493500199	0.189835049627674	0.356363324279174	0.721568491824956
SNP.694	-0.0470461031281343	0.100331127574484	-0.468908346447198	0.639135150118038
SNP.695	-0.034811013845477	0.10843027903254	-0.321045137539767	0.748176185105919
SNP.696	0.0561984713892251	0.121698971004346	0.461782634030802	0.644237205561246
SNP.697	-0.0211728524556694	0.171208809115736	-0.123666840304676	0.901579067673253
SNP.698	0.0810471078539227	0.108564131713484	0.74653669287217	0.455343274747173
SNP.699	0.0651152483283477	0.14060991628976	0.463091437976268	0.64329882689254
SNP.700	0.0201881262432839	0.126831058230799	0.159173364354863	0.873532288461703
SNP.701	-0.0848358742719549	0.126982032030306	-0.668093531939285	0.504073890320144
SNP.702	-0.171699253127864	0.100905056707479	-1.70159215732484	0.0888318487219508
SNP.703	-0.242627519501815	0.100704066654639	-2.40931203239188	0.015982626670556
SNP.704	-0.0789315965578151	0.145151182716987	-0.543788862621358	0.586586773792827
SNP.705	-0.0238667540469894	0.100158812914237	-0.2382891065954	0.811656869722533
SNP.706	-0.0202526332446049	0.104160670400808	-0.194436471718867	0.845834134505566
SNP.707	-0.0174570184451609	0.117454080650012	-0.148628454188655	0.881846819186277
SNP.708	-0.0488050123459117	0.0987808066369616	-0.494073838911636	0.621254032923037
SNP.709	-0.00188563353388868	0.099807931997771	-0.0188926220205704	0.98492676526658
SNP.710	-0.0701399301844192	0.111597559629453	-0.628507741722228	0.529671376735152
SNP.711	0.0664456791910561	0.115310021792496	0.576235076172537	0.564456299474134
SNP.712	0.269692143321606	0.175557470682634	1.5362043111748	0.124488278997203
SNP.713	0.00624538810950517	0.117355048447145	0.0532178904286168	0.957558301312838
SNP.714	-0.0422294834894945	0.0981177116556397	-0.430396131105318	0.666907509197757
SNP.715	-0.0371812443530416	0.102031928424866	-0.364407935114359	0.715553410884271
SNP.716	0.154558234497835	0.114403273174568	1.35099486412416	0.176697077893703
SNP.717	-0.158194670162479	0.105926387973748	-1.49343967247976	0.135322134693745
SNP.718	-0.0776998548741984	0.110522667462375	-0.70302189277733	0.482042106111506
SNP.719	-0.0566584988287201	0.0953344651336265	-0.594312862083027	0.552302877523551
SNP.720	0.0147900059321555	0.0975778601042429	0.151571328950597	0.879525048271808
SNP.721	0.0832852399869714	0.100899904033799	0.825424372644329	0.409130702472663
SNP.722	0.0582809623704197	0.0989874913855248	0.588770980602325	0.556014915158746
SNP.723	-0.0578427661561062	0.121065962974478	-0.477778929229679	0.632807559716736
SNP.724	-0.050254063600564	0.126196521046873	-0.39822067346768	0.690467528239256
SNP.725	0.172589554417854	0.198054808436411	0.871423197348256	0.383523124277176
SNP.726	-0.00598932997844807	0.0981874722417109	-0.0609989221812735	0.951360067433596
SNP.727	0.0195745135341832	0.0977957929758862	0.200157010220366	0.841357787651185
SNP.728	-0.0114758750390068	0.0982886249519824	-0.11675689882337	0.907052699823357
SNP.729	-0.0962561988871054	0.121106730253158	-0.794804703965616	0.426727114284533
SNP.730	-0.0855841702215168	0.11733400252713	-0.72940638159623	0.465753115321843
SNP.731	-0.0770345053109043	0.104886431422262	-0.734456347368434	0.46267065569527
SNP.732	-0.00387557411139215	0.0989851475509221	-0.0391530871780374	0.968768335940668
SNP.733	0.146973492377988	0.134531799142124	1.09248143052573	0.274621548151119
SNP.734	0.0741797717187706	0.151561861174814	0.489435608297332	0.6245333315754
SNP.735	-0.0320679087569364	0.101528576954495	-0.315851061039783	0.752115559324563
SNP.736	0.0880771563319739	0.0973159370586672	0.905064052138514	0.365431454986328
SNP.737	0.0042110896840066	0.18051426709047	0.0233282928373528	0.981388403430989
SNP.738	-0.00391768020094567	0.0986666382629602	-0.0397062296832746	0.968327335026322
SNP.739	-0.0352007003609631	0.104779340546871	-0.335950772139255	0.736907989173204
SNP.740	0.077201117116968	0.099145352172167	0.778666023424956	0.436176475608272
SNP.741	0.101630600248951	0.118938459810394	0.854480547427347	0.39283878314415
SNP.742	0.209502171410581	0.114791616406497	1.82506508723336	0.0679912079249273
SNP.743	0.193674581038485	0.0984174684100279	1.96788826381507	0.0490808954661833
SNP.744	-0.112471656969763	0.203217693607292	-0.553454056944023	0.579952531970906
SNP.745	0.19061155279485	0.097695033356727	1.95108744268344	0.0510466447391391
SNP.746	0.206502338725582	0.149640959755091	1.37998539346147	0.167591142178518
SNP.747	0.192950285549904	0.164082549975165	1.1759342207877	0.239621162760042
SNP.748	-0.0494003193985975	0.212792694240982	-0.23215232823103	0.816419702822029
SNP.749	0.319377206818522	0.119010917778123	2.68359586482603	0.0072835090485585
SNP.750	0.228022526111362	0.0964939005987015	2.36307709292073	0.0181238989623425
SNP.751	0.175712456635066	0.196721300600935	0.893205037270029	0.37174738102936
SNP.752	0.100022783921465	0.157151126433155	0.636475131878933	0.524466784632893
SNP.753	0.015824514687434	0.0999759674272112	0.158283186396323	0.874233656437153
SNP.754	-0.0629443215996986	0.111844605821183	-0.562783704565366	0.573582177890935
SNP.755	-0.0392261831770334	0.128703599504585	-0.304779223953529	0.760534306051449
SNP.756	-0.0919946944438293	0.0984665772726187	-0.934273303611731	0.350162931563513
SNP.757	-0.191543629348715	0.0975297688346423	-1.96395040855136	0.0495358432197086
SNP.758	-0.0909037543948233	0.0962404185944133	-0.944548618163431	0.344889369609182
SNP.759	-0.238139386012915	0.218189931006145	-1.09143160234194	0.275083013023367
SNP.760	0.0310122211839331	0.147979552547742	0.209570989031932	0.834002524199728
SNP.761	-0.371433175222053	0.170654085932473	-2.17652670425381	0.0295158991124113
SNP.762	-0.112664775288941	0.139583301825104	-0.807150811134333	0.419579601090172
SNP.763	-0.0846486066059064	0.131620473706651	-0.643126439390932	0.520142059913681
SNP.764	-0.100247414630448	0.136759706741842	-0.733018642835221	0.463547058929667
SNP.765	0.113650430395852	0.170365671951748	0.66709701017727	0.504710169786486
SNP.766	-0.0101748707445954	0.0953524698428468	-0.106707993630001	0.915020640819775
SNP.767	-0.160554832490814	0.134207351671659	-1.19631920674223	0.2315720163569
SNP.768	-0.0740120740713493	0.111540539191789	-0.663544166162659	0.506982102819067
SNP.769	0.00257942435248534	0.0979797087011069	0.0263261075857454	0.978997231282925
SNP.770	-0.0106772153995279	0.102345259714851	-0.104325451215584	0.916911080964911
SNP.771	-0.0102927901231052	0.0984773065772053	-0.104519411434509	0.916757164548472
SNP.772	0.238998019728755	0.141067845409501	1.69420621003302	0.0902261052080427
SNP.773	0.0186575004598039	0.111722701670804	0.166998292923304	0.867371392113802
SNP.774	0.108103724241609	0.118358637787352	0.913357286485784	0.361054662384136
SNP.775	0.128086819390744	0.173457027387329	0.738435457588733	0.460249874506488
SNP.776	0.0715880497737908	0.109604975398756	0.653145986423929	0.513662167971244
SNP.777	0.173249855144617	0.105763678271292	1.63808462391235	0.101404042045177
SNP.778	-0.0135992371362695	0.181965291896324	-0.0747353354837456	0.940425292626978
SNP.779	0.109325875123475	0.102972324974499	1.06170153146051	0.288371203895993
SNP.780	0.121431260895654	0.106869781302154	1.13625441557076	0.255850102616527
SNP.781	0.0530502612547425	0.118764476058734	0.446684589662205	0.65510281001715
SNP.782	0.1404350220426	0.101104028738217	1.38901509460341	0.164828160071442
SNP.783	0.196215559418397	0.137614592180712	1.42583396360127	0.153916274666453
SNP.784	0.218700954371809	0.100350648319133	2.17936762776361	0.02930436898493
SNP.785	0.208887513847519	0.112341677868219	1.85939464151989	0.0629712207861131
SNP.786	-0.00408965443529191	0.165341453783193	-0.0247345982614532	0.98026665809429
SNP.787	0.212583004764536	0.102087841637617	2.08235379800805	0.0373101652882895
SNP.788	0.193930392675962	0.113033449400124	1.71569029968707	0.0862187411317287
SNP.789	0.092055941864231	0.103806854160055	0.886800227298033	0.375186465230997
SNP.790	0.11759124984349	0.150980009404679	0.778853109806774	0.436066248169043
SNP.791	0.13401614215311	0.142698011807251	0.939159140732332	0.347649043657304
SNP.792	0.0360707003712775	0.113955568358588	0.31653302151741	0.751597965075731
SNP.793	0.0211511337824779	0.0979943742567019	0.215840286168585	0.829112244556575
SNP.794	0.0129286725340746	0.10759487120897	0.120160676701444	0.904355867462568
SNP.795	-0.000449915383440441	0.0976587853071226	-0.00460701392123118	0.996324147723919
SNP.796	-0.0127815921678915	0.0975336804806265	-0.131047983680164	0.895737349189506
SNP.797	-0.0527347965598517	0.109519142166278	-0.481512140405435	0.630152553359762
SNP.798	0.0228698439120681	0.0983692583940636	0.232489746140531	0.816157650454376
SNP.799	-0.0171973681262914	0.0977298726483321	-0.175968387763829	0.860318777788095
SNP.800	0.0375989216092685	0.136871662620219	0.274702015665545	0.783545182442218
SNP.801	-0.00879327080310396	0.104564504176162	-0.0840942236792875	0.932981517213812
SNP.802	0.509109316099525	0.195062378707488	2.60998209635788	0.00905469613992963
SNP.803	0.173344905848011	0.178023620450469	0.973718574026195	0.330196292301612
SNP.804	0.0155365947501425	0.101674047983434	0.152807870427997	0.878549790927949
SNP.805	0.0128867626080526	0.0976612329741254	0.13195371608166	0.895020900754468
SNP.806	-0.0564580777954517	0.102137252435072	-0.552766756980679	0.58042313452206
SNP.807	0.0435406612487823	0.143173562225356	0.304111042374214	0.761043294424136
SNP.808	0.146975558524588	0.141571595229309	1.03817123969343	0.299190339744628
SNP.809	0.0136800187144946	0.0999545958722148	0.136862328291373	0.891139616239067
SNP.810	0.0451026637400445	0.184546507094248	0.244397276600909	0.806923150798293
SNP.811	0.0712925385357042	0.100775895437624	0.707436418462101	0.479295311725724
SNP.812	0.130094767839545	0.152351477082418	0.853912087568189	0.393153701580054
SNP.813	0.122934604416263	0.150480666754503	0.816946170346393	0.413959190984204
SNP.814	0.149767226989988	0.111454066048191	1.34375740877171	0.179026846319246
SNP.815	0.127962486269672	0.103910063654028	1.23147346628261	0.218145834601724
SNP.816	0.249103480035494	0.107137779921386	2.32507599297164	0.0200678970906568
SNP.817	0.125050914734556	0.156002758555208	0.8015942531574	0.422787702996071
SNP.818	0.128843607125778	0.101328339131389	1.27154563304064	0.203534604026668
SNP.819	0.0317723395062558	0.10142398662197	0.313262577862163	0.754081178814945
SNP.820	0.0248807470343656	0.127797316382616	0.194689119761125	0.845636330100957
SNP.821	0.0227265141980281	0.0966369470621796	0.235174173946173	0.81407355011916
SNP.822	0.0497895772988424	0.105327380018068	0.472712577587153	0.63641825198413
SNP.823	0.0161006360395429	0.0987613989674549	0.163025597124729	0.870498280684846
SNP.824	-0.285178396058276	0.199127591384586	-1.43213903244325	0.152104035742235
SNP.825	-0.0185645430427925	0.099586065915803	-0.186417074236954	0.852117703806791
SNP.826	0.0271456402041073	0.103436612068491	0.262437445129513	0.792984206995526
SNP.827	-0.0142750639457909	0.116067096194658	-0.122989756906212	0.902115209188672
SNP.828	-0.0291504602397213	0.120108469494424	-0.242701121431529	0.808236938647683
SNP.829	-0.0484898682350086	0.107623842446899	-0.450549498443462	0.652314271569606
SNP.830	0.312410330625304	0.158163916780944	1.97523137377781	0.0482418970600988
SNP.831	0.0876279081805041	0.106591656816822	0.822089746959209	0.411025820435982
SNP.832	0.0816598334127056	0.107234920244211	0.761504118497389	0.446356019872519
SNP.833	0.0844392727100345	0.108412515911797	0.778870151659735	0.436056208258695
SNP.834	0.132138564402601	0.0998957949977092	1.3227640303141	0.185913862522008
SNP.835	0.0123516451631895	0.100768582946119	0.122574365958821	0.902444154345949
SNP.836	0.0361644937948687	0.103158193558561	0.350573159022399	0.725908596033356
SNP.837	0.148446137555997	0.111604834020749	1.33010490861353	0.183483708481665
SNP.838	0.0610265950681129	0.100517175543902	0.607126043264706	0.543767268022329
SNP.839	0.238693848289401	0.154513379115074	1.54481022715601	0.122392172797104
SNP.840	0.177727969402515	0.14468334819339	1.22839270463216	0.21929958518028
SNP.841	0.117894794942755	0.135255325056202	0.871646235693615	0.38340139908574
SNP.842	0.18582644628582	0.100624170126576	1.84673767795616	0.0647851681594319
SNP.843	0.122387045385321	0.0990321034845487	1.23583202899872	0.216521006770217
SNP.844	-0.0303702085016426	0.0990265144187785	-0.306687645020085	0.759081134744023
SNP.845	0.0257722487653742	0.102715571463239	0.25090887777028	0.801884560465831
SNP.846	0.0484968370152383	0.111225088748334	0.4360242600028	0.662819128066225
SNP.847	-0.00756120261585974	0.0988422352146053	-0.076497689468909	0.939023152127528
SNP.848	-0.0815483417510181	0.147481768786283	-0.552938457560747	0.580305552307169
SNP.849	0.0811885055583383	0.127712119345471	0.635714965615108	0.524962220222712
SNP.850	-0.02085641843598	0.124033943262928	-0.168150893919162	0.866464571750695
SNP.851	0.124070107742033	0.120807503432473	1.02700663631696	0.304417339195917
SNP.852	0.105843555874842	0.0978408574968777	1.08179301145454	0.279344512629703
SNP.853	0.146615960469098	0.099633810040498	1.47154826669283	0.141142904423677
SNP.854	0.105745682965675	0.0994895112583555	1.06288272631145	0.287835137427391
SNP.855	0.0706979684874265	0.0989519358470038	0.714467765408222	0.474937981756989
SNP.856	-0.108861257057474	0.199848370105982	-0.544719263908653	0.585946613652652
SNP.857	0.0714358655572146	0.107097015435628	0.667020133723071	0.504759273011753
SNP.858	-0.0675460098980244	0.101512883499896	-0.665393470948874	0.505798859859643
SNP.859	-0.00923474630974998	0.111665446137334	-0.0827001246060708	0.934089985792189
SNP.860	-0.0238648821750658	0.097722527316624	-0.244210652654765	0.807067677176834
SNP.861	0.013431577138886	0.162412871854893	0.0827002009476586	0.934089925088356
SNP.862	-0.0445692141660109	0.0995787287164988	-0.447577657803803	0.654458030525967
SNP.863	0.0812903886873504	0.104575823943426	0.777334431821711	0.436961485753078
SNP.864	-0.0279979404276718	0.122890024076031	-0.227829237061176	0.819778996458832
SNP.865	-0.0991590718065579	0.108764316175119	-0.911687539568622	0.36193322519076
SNP.866	-0.0346064755152639	0.127163060445606	-0.272142518385415	0.785512437876901
SNP.867	0.0571508392953285	0.148490799894508	0.384877981234729	0.700327820069901
SNP.868	-0.0363815308833485	0.183648504316214	-0.198104150201547	0.842963577794749
SNP.869	0.0226882463823277	0.101156334727331	0.224288933001422	0.822532487050589
SNP.870	0.155665971781769	0.113013171163834	1.37741442151112	0.168384156653721
SNP.871	0.00994305560745136	0.170822572654667	0.0582069187516111	0.95358380970148
SNP.872	0.140583222435426	0.116812759257465	1.2034920100258	0.228785981441348
SNP.873	-0.108656320274952	0.103619939166881	-1.04860436271786	0.294360247098552
SNP.874	-0.489538142300612	0.173298385484637	-2.82482806133246	0.00473059935082538
SNP.875	-0.0272999410210079	0.100355992822193	-0.272030999378153	0.78559818376132
SNP.876	0.00508930961865782	0.097953668848016	0.0519562940164533	0.958563518668957
SNP.877	-0.01594593954917	0.0981608125588925	-0.16244710219369	0.87095378120488
SNP.878	0.061590842616936	0.111534089365411	0.552215407570599	0.58080077936568
SNP.879	-0.0304138839823944	0.117566274684824	-0.258695651145952	0.795870075256673
SNP.880	0.0199357392630921	0.109926831702321	0.181354624292981	0.856089232800899
SNP.881	-0.0393055689026899	0.0981397224782841	-0.400506216138804	0.688783705964197
SNP.882	0.0161475280583165	0.129030716540316	0.125144837533869	0.900408887069371
SNP.883	-0.135590153302741	0.107054842541387	-1.26654852862282	0.205316766793156
SNP.884	-0.367741534997727	0.192853869116243	-1.90684032777206	0.056541267336976
SNP.885	-0.102027897223852	0.174931148699416	-0.583246025550124	0.559727691517513
SNP.886	0.125427155926387	0.100689301627025	1.2456850320702	0.212880050884651
SNP.887	-0.0937154577052117	0.172697162147979	-0.542657774682537	0.587365452134742
SNP.888	-0.201923437757668	0.123668530533414	-1.63277947014265	0.102515386361604
SNP.889	-0.147664386043677	0.193232881067792	-0.764178359437037	0.444760960875876
SNP.890	-0.0593939951308726	0.100202047147665	-0.592742332333242	0.553353606366126
SNP.891	-0.00810336118356464	0.123889314548171	-0.0654080718189289	0.947849097461996
SNP.892	-0.159703863589647	0.100595221471935	-1.58758896548782	0.112379315010201
SNP.893	-0.212302933006838	0.0989428819974865	-2.14571203830743	0.0318959601393277
SNP.894	-0.258613942383358	0.138045668612004	-1.87339410923661	0.0610139828692537
SNP.895	-0.226927621381606	0.105003483170088	-2.16114375000323	0.0306842369348444
SNP.896	-0.277081634067095	0.124204993725624	-2.23084133540704	0.0256916408060081
SNP.897	0.00268011627704068	0.204811770760071	0.0130857531629876	0.989559377555658
SNP.898	0.115814993026951	0.188628736935252	0.613983822977648	0.539226017191761
SNP.899	-0.0100363867152377	0.131399455458253	-0.076380732935582	0.939116197711754
SNP.900	0.201117897519862	0.0763191246412465	2.63522280247917	0.00840820715394082
SNP.901	-0.0765838879927284	0.0987727008744169	-0.775354802640254	0.438130034562586
SNP.902	-0.0354380324304015	0.099434293330189	-0.3563964829792	0.721543662871359
SNP.903	0.0242701817566177	0.0981292767973941	0.247328652046708	0.80465388631992
SNP.904	-0.117133829049611	0.115208823270571	-1.0167088398648	0.309291959230691
SNP.905	0.0119326319063945	0.117467406738355	0.101582492009661	0.919088076903888
SNP.906	0.00903661363560351	0.145791914930539	0.0619829545411274	0.950576406203927
SNP.907	0.151596957131557	0.100713463148929	1.50523030776317	0.132264875683259
SNP.908	0.0397728665553953	0.181926353098687	0.218620699409174	0.826945527031014
SNP.909	-0.0100279950636148	0.103447110917146	-0.0969383772510231	0.922775331669828
SNP.910	-0.0201903527103838	0.130165242709461	-0.155113241370051	0.876732043427296
SNP.911	-0.0082707311585006	0.108421469679785	-0.0762831492962384	0.93919383169145
SNP.912	0.0643207309146084	0.123962857276516	0.518870993519716	0.603850706570499
SNP.913	0.00846389225833866	0.1054399629171	0.0802721475252528	0.936020809767062
SNP.914	0.000971676430032516	0.118246633780655	0.00821737075268424	0.993443560533585
SNP.915	0.0139901324303069	0.099278989588897	0.140917353089898	0.88793523316067
SNP.916	0.0744053690627151	0.0993719791798223	0.748756034415618	0.454004263369053
SNP.917	0.0213057385737375	0.144910793472986	0.147026581409958	0.883111039382863
SNP.918	0.036825086646658	0.119574786995548	0.30796698511392	0.758107454246453
SNP.919	0.0685934032145009	0.111459458380005	0.615411237515989	0.538283171966158
SNP.920	0.0720698593726599	0.101436389482882	0.710493144916421	0.477398380416567
SNP.921	0.103157000305655	0.10104650231125	1.02088640325129	0.307308261720173
SNP.922	0.0017507451779385	0.0956666247807758	0.0183004802557884	0.985399144342711
SNP.923	0.0350543959444662	0.0995349075831566	0.352181930898764	0.724701827031819
SNP.924	0.0269040091144979	0.0954973679776002	0.281725137396546	0.778154278035005
SNP.925	-0.11493939862087	0.109825562125538	-1.04656326265361	0.295301053075945
SNP.926	0.073658809451997	0.114220471509504	0.644882729676599	0.519003184368241
SNP.927	-0.101535388307011	0.117909934503521	-0.861126661926687	0.389168286247255
SNP.928	-0.0213982416220475	0.0993233505458152	-0.215440191097632	0.829424137650366
SNP.929	0.262775379079182	0.136646932057161	1.92302436010242	0.0544769906154224
SNP.930	0.00863339563833349	0.102963140740913	0.0838493812077642	0.933176185700481
SNP.931	-0.00259783235305926	0.098129308248064	-0.0264735622765436	0.978879620453477
SNP.932	0.102249698409147	0.109651196881412	0.932499610740501	0.351078387755313
SNP.933	0.135309038468717	0.109646100340798	1.23405244735704	0.217183361417674
SNP.934	-0.163652621132645	0.116311400098767	-1.40702133233439	0.159421063249824
SNP.935	-0.184017063291629	0.128361124982648	-1.43358873893093	0.151689658954696
SNP.936	-0.00930044177315378	0.129951441031978	-0.0715685928474249	0.942945235235541
SNP.937	-0.0369624731427341	0.104512008663713	-0.353667235137235	0.723588280147827
SNP.938	0.00702761037577239	0.102035549200348	0.0688741368165089	0.945089805450838
SNP.939	-0.0369849365139537	0.155808408161214	-0.23737445848035	0.812366302718437
SNP.940	-0.0222597211192726	0.111138592485655	-0.20028795237933	0.841255384261266
SNP.941	0.0194906725695349	0.100416606646121	0.194098100110295	0.846099069231594
SNP.942	0.329831223141593	0.0809720954697412	4.07339369480501	4.63330047737539e-05
SNP.943	0.228262695516372	0.0928873103650707	2.4574152768472	0.0139940814894741
SNP.944	0.356307245137313	0.122242238195405	2.91476375430687	0.0035595788488705
SNP.945	0.235717320835405	0.107153585952301	2.19980804879767	0.0278205166843717
SNP.946	0.165611486302103	0.107278495481478	1.54375287944541	0.122648210534571
SNP.947	0.246545095394889	0.104438067034719	2.36068229138068	0.0182413507044168
SNP.948	0.142087789300607	0.0970059671030366	1.46473246485637	0.142993923857911
SNP.949	0.168752490670167	0.101205697096989	1.66742086177664	0.0954307484831054
SNP.950	0.0289103842506487	0.173541226544153	0.166590871957985	0.867691976452176
SNP.951	-0.0826147269722636	0.0980486793047236	-0.842588880932367	0.399458411821102
SNP.952	-0.0348915542841946	0.153556148939703	-0.227223426252344	0.820250012550218
SNP.953	0.0447636562966861	0.122566979161888	0.365217912710091	0.714948748066527
SNP.954	-0.0149339398240015	0.108681436381128	-0.137410217616472	0.890706555167276
SNP.955	-0.0199162813174946	0.107922863594367	-0.184541816758596	0.853588425407683
SNP.956	-0.131867698375974	0.122106531825672	-1.07993975755725	0.280169007431529
SNP.957	-0.0455221185907045	0.104129436377436	-0.437168587235039	0.661989089173963
SNP.958	-0.142879604348162	0.0984035971057938	-1.45197542112766	0.146508439593029
SNP.959	-0.204609839001676	0.124056079285316	-1.6493334319481	0.0990793441198661
SNP.960	-0.0808270998727574	0.167712101921609	-0.48193957947374	0.629848868509359
SNP.961	-0.205188772951223	0.102666856796672	-1.99858824311328	0.0456529235001026
SNP.962	-0.0502599693407376	0.154233653991487	-0.325869017818326	0.744523457492312
SNP.963	-0.0644501960786197	0.148575294979367	-0.433788107824858	0.664442318141316
SNP.964	-0.191856624769231	0.104573036227644	-1.83466629343707	0.0665551494623316
SNP.965	-0.00589053769947649	0.180062689032622	-0.032713816122169	0.973902806116545
SNP.966	-0.143459015379496	0.124851240199366	-1.14903957021505	0.250539664401409
SNP.967	-0.0178526010807746	0.108078714388525	-0.165181471502312	0.868801148529906
SNP.968	-0.0135705676943569	0.161425405884632	-0.0840671121127957	0.933003072785122
SNP.969	-0.221426413090454	0.15212049733997	-1.45559879807383	0.145503560503335
SNP.970	-0.0502327751942321	0.108567694236761	-0.462686212020731	0.643589302741365
SNP.971	0.0463726353605603	0.120928217218108	0.383472413861207	0.701369520421803
SNP.972	-0.00166814546400452	0.100670138292673	-0.0165704099775329	0.986779330734082
SNP.973	-0.0827549626146064	0.149771689197684	-0.552540757588558	0.580577918099663
SNP.974	-0.0371288489454033	0.153324069760062	-0.24215929699431	0.808656732794739
SNP.975	-0.0384227820715023	0.112326142801901	-0.342064466143601	0.732302378094343
SNP.976	-0.0392073937247371	0.0947380769224073	-0.413850428448626	0.6789836497588
SNP.977	-0.0523411696837705	0.149096841015977	-0.351054853524105	0.725547196710461
SNP.978	-0.249515129756398	0.128833417191827	-1.93672678405232	0.0527787498919881
SNP.979	-0.0606906290067044	0.112603318178123	-0.538977269841198	0.589902538645701
SNP.980	-0.107445147060706	0.112901818794268	-0.951668876623629	0.341264938427045
SNP.981	-0.0935082541861288	0.100330807382191	-0.931999418981317	0.351336825701134
SNP.982	-0.315109861844966	0.129788307246634	-2.42787558085776	0.0151875524619204
SNP.983	-0.351684499792994	0.177132223893577	-1.98543490316189	0.0470961059428801
SNP.984	-0.0451852163641978	0.10096543925326	-0.447531518689835	0.654491335845901
SNP.985	-0.158121767439054	0.153171888855051	-1.03231584216271	0.301924182018399
SNP.986	-0.122605175012497	0.1010694567755	-1.21307840097364	0.225099847034414
SNP.987	-0.095924482418117	0.0985662598036779	-0.973197954443815	0.330454927290282
SNP.988	-0.123209757095043	0.130820960874907	-0.941819692127608	0.346284961439133
SNP.989	0.0626431767499068	0.147700348554199	0.424123418550497	0.671475807327505
SNP.990	-0.00727343905707518	0.136149489345443	-0.0534224483106268	0.957395319583849
SNP.991	-0.0842594215547082	0.102305967094064	-0.823602219382151	0.410165614503
SNP.992	-0.023367392675311	0.0986509637246208	-0.23686938062298	0.812758124785175
SNP.993	0.28867697093749	0.208226367818091	1.38636126616626	0.165636617680204
SNP.994	-0.0666728005557689	0.148814406422549	-0.448026519465163	0.65413405757691
SNP.995	-0.0243846114197587	0.103458573643482	-0.235694448135232	0.813669778290223
SNP.996	-0.103683916036917	0.120054108824262	-0.863643210984909	0.387783918919675
SNP.997	0.0743170776492583	0.174742747644958	0.425294203340877	0.670622218699559
SNP.998	-0.18539704639639	0.129769771118331	-1.42866127295034	0.153101613818495
SNP.999	-0.145272135800745	0.100297579006772	-1.44841119037316	0.147502087029079
SNP.1000	-0.120220421785998	0.157950526435609	-0.761127072501447	0.446581171733458
